595 110
732 729
924 700
633 308
do
262 908
389 398
do
149 778
613 679
265 766
630 508
don't
147 924
474 738
don't
30 245
654 901
448 606
224 308
65 32
955 7
210 861
740 438
739 458
707 293
190 804
683 718
858 702
35 359
856 94
don't
251 825
865 187
don't
560 114
960 274
don't
68 30
88 750
643 552
544 820
129 582
130 830
778 521
351 104
792 155
990 780
don't
352 9
379 297
478 803
391 821
160 877
893 529
170 765
630 481
576 452
839 395
630 148
637 733
don't
965 332
563 908
907 261
683 576
687 422
811 962
717 674
402 513
922 320
536 772
217 696
41 999
615 164
488 200
235 838
428 894
don't
502 555
397 619
677 653
761 412
434 521
319 307
13 180
560 200
269 735
131 915
455 277
721 65
387 564
854 744
176 188
914 199
248 259
559 588
do
445 787
833 324
687 390
929 336
865 751
881 809
396 641
do
210 926
437 84
86 264
344 101
274 657
997 598
534 554
466 734
910 968
745 927
897 144
408 883
319 561
423 423
don't
775 273
478 184
do
928 991
113 915
768 68
799 399
476 439
50 277
941 704
414 239
623 607
77 12
754 199
683 969
343 649
do
306 311
881 403
319 207
298 790
401 954
150 216
76 864
576 9
228 354
868 367
803 53
204 512
502 887
623 265
113 681
521 682
651 598
840 408
do
820 511
727 13
970 417
do
259 372
255 971
460 320
849 743
180 806
649 876
do
482 581
66 275
647 525
377 626
630 898
317 506
903 888
766 841
don't
712 25
797 334
323 141
848 645
181 788
103 568
343 438
349 623
614 519
318 996
929 651
683 248
717 522
do
4 875
do
22 93
130 509
984 787
454 365
249 223
503 598
369 549
do
977 871
762 528
917 277
659 953
749 739
36 964
386 593
535 262
do
619 924
146 285
284 899
58 291
805 823
992 993
353 655
228 4
don't
498 324
633 673
526 369
697 112
234 578
896 392
121 437
63 503
977 491
don't
292 954
683 74
204 861
455 989
218 118
don't
731 156
390 980
698 483
617 983
don't
446 527
651 531
532 68
12 180
32 581
41 175
36 825
do
541 776
413 399
do
589 631
do
87 334
293 208
333 989
516 15
888 937
299 886
304 310
533 483
462 5
222 429
249 734
do
499 633
593 430
911 397
939 597
53 794
297 882
do
651 458
773 576
699 864
456 889
don't
303 720
14 909
520 164
433 718
186 91
872 843
285 779
912 530
954 4
703 434
888 934
do
284 50
41 862
749 83
283 581
do
866 925
724 984
291 595
719 20
don't
390 194
620 559
don't
487 458
284 240
140 943
379 292
184 248
476 864
383 543
54 809
732 830
156 846
241 296
331 481
342 855
94 545
682 26
962 26
663 251
858 699
do
894 669
734 520
84 758
374 587
887 673
17 756
814 306
138 523
961 961
529 982
489 849
570 381
826 522
do
643 495
34 439
657 375
177 65
552 376
do
689 184
711 957
468 125
451 95
792 372
877 149
994 994
503 637
301 442
727 66
438 988
don't
581 545
11 800
967 965
935 158
816 96
529 111
360 694
30 413
319 911
148 10
247 811
660 54
694 449
615 285
do
800 658
155 2
763 673
813 428
865 165
do
328 267
714 826
826 638
500 76
10 267
541 994
47 669
998 298
937 507
148 102
39 980
690 355
do
59 509
57 388
442 904
702 195
244 471
19 675
855 233
935 285
834 256
915 279
805 164
don't
27 901
389 398
do
203 999
432 373
436 907
236 42
528 36
514 585
263 66
665 667
842 44
759 831
155 353
441 973
692 737
646 554
207 894
887 189
947 687
158 901
852 717
don't
881 340
126 700
147 860
284 865
378 763
904 402
171 693
570 117
643 646
840 147
823 155
365 934
68 395
271 627
701 973
781 778
815 159
746 396
724 844
954 395
27 969
652 117
513 501
906 170
341 349
990 89
543 751
161 830
60 852
110 789
232 23
113 909
218 441
383 714
875 944
974 967
359 518
725 236
223 195
965 312
651 272
586 166
973 90
522 382
327 551
759 5
676 54
108 594
470 453
540 6
34 148
543 235
293 694
do
194 754
695 979
347 45
257 87
315 641
don't
313 874
819 556
317 224
don't
724 210
653 313
718 132
304 399
813 580
do
420 147
286 778
843 55
708 572
804 987
685 322
495 848
722 749
556 699
471 814
870 477
400 947
477 716
878 747
304 943
607 196
60 976
509 105
346 669
307 941
752 22
207 569
311 222
732 751
447 399
190 685
562 517
276 16
804 20
88 726
261 86
845 611
579 992
don't
159 448
493 878
351 74
418 959
929 190
541 283
998 260
505 488
435 756
483 501
614 830
248 34
620 74
363 968
551 129
543 78
706 409
673 839
736 440
747 892
49 971
383 914
618 311
502 765
436 416
do
948 538
162 290
204 953
596 5
don't
663 381
783 240
498 504
288 379
448 663
don't
187 162
349 790
828 942
806 221
590 333
503 476
410 313
139 541
do
738 394
923 78
698 308
don't
240 291
449 194
784 976
900 576
887 550
don't
559 788
842 508
506 619
290 401
24 533
185 238
682 783
851 586
300 113
940 699
222 135
789 51
134 544
592 830
450 952
491 815
964 386
216 877
785 381
751 11
990 552
847 756
989 549
128 819
315 133
658 119
68 966
542 35
793 264
do
435 912
319 351
983 596
958 131
703 609
757 8
417 359
871 898
48 800
42 556
917 10
332 621
401 135
do
151 674
705 370
708 933
477 22
349 848
790 264
302 285
610 447
187 328
do
645 764
779 9
901 432
64 712
don't
900 5
267 404
136 977
465 853
101 322
113 205
236 146
do
548 867
775 563
593 707
786 814
653 744
545 436
13 919
don't
131 107
233 301
222 55
84 569
320 107
939 432
676 408
529 923
672 499
798 10
353 78
55 622
247 556
82 430
329 612
620 232
793 736
740 679
933 614
223 909
333 413
268 324
32 617
828 783
378 347
139 917
593 751
859 230
37 617
656 373
490 471
don't
145 899
do
818 520
786 293
207 241
202 531
196 19
600 831
429 453
113 738
659 665
779 45
964 79
454 704
714 902
678 277
973 867
994 517
314 405
84 778
961 737
don't
9 964
788 711
618 648
622 99
456 858
691 120
841 857
792 885
919 871
829 758
do
655 175
216 476
611 263
351 765
469 471
423 493
66 973
612 848
527 124
870 331
130 565
626 163
153 137
972 544
don't
930 217
241 121
850 9
don't
821 737
726 629
556 762
203 586
888 510
888 333
432 395
466 888
967 260
693 120
281 907
807 218
773 151
962 731
944 522
253 853
don't
434 54
don't
140 314
494 983
do
803 959
965 6
333 629
236 663
697 758
don't
273 693
804 460
306 557
513 139
16 588
276 25
160 563
634 231
907 336
95 759
don't
795 493
870 557
206 920
84 521
585 984
774 265
21 934
446 332
don't
353 42
515 560
341 643
772 777
780 58
24 327
53 613
130 984
634 685
do
835 113
516 246
do
866 121
289 117
494 764
263 332
470 641
572 709
189 623
359 331
do
908 32
